BoardWidth: 4
BoardHeight: 5
BoardSquareSize: 5.
CameraMatrixL: 
   rows: 3
   cols: 3
   dt: d
   data: [ 3.5114208318383362e+03, 0., 6.3652321285523192e+02, 0.,
       3.5518638675742309e+03, 5.1166498471487483e+02, 0., 0., 1. ]
DistortionL: 
   rows: 1
   cols: 5
   dt: d
   data: [ -2.5105543736732896e+00, 1.2521873121709534e+02,
       4.2434501207329204e-03, -2.3690843766065867e-02,
       -3.5890456318227448e+03 ]
CameraMatrixR: 
   rows: 3
   cols: 3
   dt: d
   data: [ 3.1093838575533487e+03, 0., 6.4079846650193008e+02, 0.,
       3.2957962359256517e+03, 5.1324460176584444e+02, 0., 0., 1. ]
DistortionR: 
   rows: 1
   cols: 5
   dt: d
   data: [ 3.0958033783974950e-04, -2.1891120140725427e+01,
       -8.0905780392645510e-03, 1.5456885898302882e-02,
       4.6026942087671733e+02 ]
RotationMatrixL: 
   rows: 3
   cols: 3
   dt: d
   data: [ 4.8556616139419856e-01, -7.3737916859178532e-01,
       -4.6957157562590018e-01, 7.1192403442172525e-01,
       2.1814660701916611e-02, 7.0191758048303265e-01,
       -5.0733585731899256e-01, -6.7512671573960681e-01,
       5.3555041366154765e-01 ]
ProjectionMatrixL: 
   rows: 3
   cols: 4
   dt: d
   data: [ 3.3104023446958427e+03, 0., 3.8507413635253906e+03, 0., 0.,
       3.3104023446958427e+03, 2.4908163452148438e+02, 0., 0., 0., 1.,
       0. ]
RotationMatrixR: 
   rows: 3
   cols: 3
   dt: d
   data: [ 4.4741418469540284e-01, 7.3310437019074315e-01,
       -5.1222898174603670e-01, -7.5791751612507807e-01,
       6.7770716389394178e-03, -6.5231519225815426e-01,
       -4.7474370568143376e-01, 6.8008238744084115e-01,
       5.5866480129736618e-01 ]
ProjectionMatrixR: 
   rows: 3
   cols: 4
   dt: d
   data: [ 3.3104023446958427e+03, 0., 3.8507413635253906e+03, 0., 0.,
       3.3104023446958427e+03, 2.4908163452148438e+02,
       -2.6457354576545600e+06, 0., 0., 1., 0. ]
Rotation: 
   rows: 3
   cols: 3
   dt: d
   data: [ -8.1476002694111149e-02, -2.5935454146424879e-02,
       -9.9633780074993028e-01, 1.5765254037744102e-02,
       -9.9956984012918426e-01, 2.4730375436745514e-02,
       -9.9655060972843434e-01, -1.3692586400519263e-02,
       8.1849834010519928e-02 ]
Translation: 
   rows: 3
   cols: 1
   dt: d
   data: [ 6.0574185177295635e+02, -5.4163623835436185e+00,
       5.2134249979898254e+02 ]
EssentialMatrix: 
   rows: 3
   cols: 3
   dt: d
   data: [ -2.8214177141729637e+00, 5.2119240318653135e+02,
       -1.3336324113194129e+01, 5.6117550880419401e+02,
       -5.2270818563072954e+00, -5.6901310970803070e+02,
       9.1083706183403077e+00, -6.0562176175448883e+02,
       9.5836968268101614e+00 ]
FundamentalMatrix: 
   rows: 3
   cols: 3
   dt: d
   data: [ -1.1874033217003212e-09, 2.1684804782691943e-07,
       -1.2990607639178865e-04, 2.2281455959441653e-07,
       -2.0517796935087448e-09, -9.3409975181978728e-04,
       -1.0167831669769986e-04, -9.2139245992180067e-04, 1. ]
ErrorStereo: 7.8618987971078325e-01
